[22:22:38 142]收：2072,0,1821
2072,1,1821

[22:22:38 182]收：2072,0,1821
2072,0,1821

[22:22:38 243]收：2072,0,1821
2072,1,1821
2072,0,1821

[22:22:38 281]收：2072,0,1821
2072,0,1821

[22:22:38 321]收：2072,0,1821
2072,0,1821

[22:22:38 381]收：2072,0,1821
2072,0,1821
2072,0,1821

[22:22:38 401]收：2072,0,1821

[22:22:38 449]收：2072,0,1821
2072,0,1821

[22:22:38 501]收：2072,1,1821
2072,0,1821
2072,0,1821

[22:22:38 522]收：2072,0,1821

[22:22:38 544]收：2072,0,1821

[22:22:38 601]收：2072,0,1821
2072,0,1821
2072,0,1821

[22:22:38 681]收：2072,0,1821
2072,0,1821
2072,0,1821
2072,0,1821

[22:22:38 702]收：2072,0,1821

[22:22:38 722]收：2072,0,1821

[22:22:38 801]收：2072,0,1821
2072,0,1821
2072,0,1821
2072,0,1821

[22:22:38 822]收：2072,0,1821

[22:22:38 847]收：2072,0,1821

[22:22:38 882]收：2072,0,1821
2072,0,1821

[22:22:38 903]收：2072,0,1821

[22:22:38 962]收：2072,0,1821
2072,0,1821
2072,0,1821

[22:22:38 982]收：2072,0,1821

[22:22:39 022]收：2072,0,1821
2072,0,1821

[22:22:39 062]收：2072,0,1821
2072,0,1821

[22:22:39 122]收：2071,-1,1820
2072,0,1821
2072,0,1821

[22:22:39 163]收：2072,0,1821
2072,0,1821

[22:22:39 202]收：2072,0,1821
2071,-1,1820

[22:22:39 242]收：2072,1,1821
2072,0,1821

[22:22:39 285]收：2072,0,1821
2072,0,1821

[22:22:39 343]收：2072,0,1821
2072,0,1821
2072,0,1821

[22:22:39 385]收：2072,0,1821
2072,0,1821

[22:22:39 424]收：2072,0,1821
2072,0,1821

[22:22:39 481]收：2072,0,1821
2072,0,1821
2072,0,1821

[22:22:39 524]收：2072,0,1821
2072,0,1821

[22:22:39 601]收：2072,0,1821
2072,0,1821
2072,0,1821
2072,0,1821

[22:22:39 642]收：2072,0,1821
2072,0,1821

[22:22:39 681]收：2073,1,1821
2073,0,1821

[22:22:39 741]收：2074,0,1822
2075,1,1823
2077,1,1825

[22:22:39 782]收：2078,1,1826
2081,1,1829

[22:22:39 821]收：2082,0,1829
2083,1,1830

[22:22:39 842]收：2083,0,1830

[22:22:39 882]收：2084,1,1831
2085,0,1832

[22:22:39 941]收：2085,0,1832
2086,1,1833
2111,18,1855

[22:22:39 983]收：2138,11,1879
2142,0,1882

[22:22:40 082]收：2143,0,1883
2145,1,1885
2147,0,1887
2146,-1,1886
2145,0,1885

[22:22:40 121]收：2144,0,1884
2145,1,1885

[22:22:40 163]收：2150,2,1889
2155,2,1894

[22:22:40 222]收：2157,0,1895
2160,2,1898
2164,4,1901

[22:22:40 243]收：2173,4,1909

[22:22:40 282]收：2180,3,1916
2185,2,1920

[22:22:40 321]收：2189,2,1923
2188,-1,1923

[22:22:40 381]收：2188,0,1923
2187,0,1922
2187,0,1922

[22:22:40 404]收：2188,1,1923

[22:22:40 462]收：2191,2,1925
2197,3,1930
2203,3,1936

[22:22:40 562]收：2212,6,1944
2264,16,1989
2233,12,1962
2304,21,2025
2352,25,2067

[22:22:40 661]收：2410,30,2118
2503,31,2199
2533,30,2226
2597,32,2282
2664,33,2341

[22:22:40 681]收：2730,32,2399

[22:22:40 701]收：2796,33,2457

[22:22:40 761]收：2861,32,2514
2920,29,2566
2980,31,2619

[22:22:40 822]收：3041,31,2672
3102,30,2726
3160,29,2777

[22:22:40 843]收：3225,37,2834

[22:22:40 864]收：3284,28,2886

[22:22:40 885]收：3340,28,2935

[22:22:40 922]收：3430,30,3014
3462,32,3042

[22:22:40 943]收：3527,33,3099

[22:22:40 981]收：3592,31,3157
3638,20,3197

[22:22:41 042]收：3678,10,3232
3685,7,3238
3692,2,3244

[22:22:41 082]收：3691,0,3244
3690,0,3243

[22:22:41 102]收：3690,0,3243

[22:22:41 141]收：3689,0,3242
3688,-1,3241

[22:22:41 162]收：3687,0,3240

[22:22:41 201]收：3687,0,3240
3686,-1,3239

[22:22:41 242]收：3686,0,3239
3685,0,3238

[22:22:41 269]收：3684,0,3237

[22:22:41 321]收：3682,-1,3236
3681,0,3235
3681,0,3235

[22:22:41 356]收：3680,0,3234

[22:22:41 483]收：3678,-1,3232
3677,-1,3231
3675,-1,3229
3673,-1,3228
3670,-1,3225
3666,-2,3222
3660,-3,3216

[22:22:41 542]收：3649,-4,3207
3643,-6,3201
3626,-10,3186

[22:22:41 582]收：3601,-14,3164
3564,-20,3132

[22:22:41 661]收：3516,-22,3090
3481,-15,3059
3454,-13,3035
3432,-9,3016

[22:22:41 682]收：3421,-4,3006

[22:22:41 740]收：3391,-19,2980
3374,-17,2965
3348,-13,2942

[22:22:41 761]收：3324,-11,2921

[22:22:41 781]收：3301,-11,2901

[22:22:41 821]收：3278,-11,2881
3257,-10,2862

[22:22:41 862]收：3235,-11,2843
3206,-15,2817

[22:22:41 884]收：3174,-17,2789

[22:22:41 923]收：3124,-17,2745
3106,-18,2729

[22:22:41 981]收：3070,-18,2698
3032,-20,2664
2986,-24,2624

[22:22:42 021]收：2938,-25,2582
2885,-27,2535

[22:22:42 062]收：2829,-28,2486
2775,-26,2438

[22:22:42 084]收：2718,-30,2388

[22:22:42 121]收：2655,-32,2333
2591,-32,2277

[22:22:42 141]收：2531,-29,2224

[22:22:42 201]收：2470,-31,2170
2407,-32,2115
2344,-31,2060

[22:22:42 261]收：2283,-30,2006
2227,-28,1957
2170,-29,1907

[22:22:42 361]收：2113,-29,1857
2003,-26,1760
2056,-28,1807
1952,-25,1715
1904,-24,1673

[22:22:42 401]收：1851,-28,1626
1795,-28,1577

[22:22:42 443]收：1743,-26,1531
1695,-24,1489

[22:22:42 523]收：1641,-29,1442
1576,-34,1385
1511,-32,1328
1453,-28,1277

[22:22:42 561]收：1393,-31,1224
1327,-33,1166

[22:22:42 601]收：1256,-35,1103
1191,-32,1046

[22:22:42 622]收：1129,-31,992

[22:22:42 661]收：1065,-33,936
995,-35,874

[22:22:42 721]收：933,-30,820
873,-30,767
811,-31,712

[22:22:42 741]收：741,-35,651

[22:22:42 781]收：693,-21,609
660,-15,580

[22:22:42 823]收：629,-16,552
610,-7,536

[22:22:42 860]收：608,0,534
612,2,537

[22:22:42 900]收：615,1,540
617,1,542

[22:22:42 941]收：618,1,543
619,1,544

[22:22:42 961]收：620,1,544

[22:22:42 983]收：621,1,545

[22:22:43 006]收：623,1,547

[22:22:43 026]收：624,1,548

[22:22:43 061]收：625,1,549
626,1,550

[22:22:43 082]收：627,0,551

[22:22:43 121]收：628,0,551
629,0,552

[22:22:43 161]收：630,0,553
630,0,553

[22:22:43 202]收：631,1,554
632,1,555

[22:22:43 223]收：632,0,555

[22:22:43 261]收：633,0,556
633,0,556

[22:22:43 283]收：634,1,557

[22:22:43 400]收：634,0,557
634,0,557
635,1,558
635,0,558
635,0,558
635,0,558

[22:22:43 420]收：635,0,558

[22:22:43 481]收：635,0,558
635,0,558
635,0,558

[22:22:43 522]收：635,0,558
635,0,558

[22:22:43 563]收：635,0,558
635,0,558

[22:22:43 661]收：635,0,558
635,0,558
635,0,558
635,0,558
635,0,558

[22:22:43 703]收：635,0,558
635,0,558

[22:22:43 740]收：635,0,558
635,0,558

[22:22:43 781]收：635,0,558
636,1,558

[22:22:43 841]收：638,1,560
640,2,562
645,3,566

[22:22:43 921]收：659,9,579
689,17,605
732,22,643
779,23,684

[22:22:43 943]收：822,19,722

[22:22:44 002]收：843,7,740
849,4,746
894,26,785

[22:22:44 022]收：939,22,825

[22:22:44 081]收：974,17,856
1010,19,887
1052,22,924

[22:22:44 103]收：1102,25,968

[22:22:44 142]收：1150,25,1010
1205,28,1059

[22:22:44 261]收：1265,31,1111
1332,34,1170
1404,36,1233
1475,35,1296
1544,35,1357
1616,36,1420

[22:22:44 284]收：1687,35,1482

[22:22:44 341]收：1752,32,1539
1813,30,1593
1873,30,1646

[22:22:44 382]收：1927,27,1693
1979,26,1739

[22:22:44 461]收：2056,25,1807
2082,26,1829
2132,25,1873
2181,25,1916

[22:22:44 481]收：2232,25,1961

[22:22:44 543]收：2285,27,2008
2339,27,2055
2395,28,2104

[22:22:44 621]收：2449,27,2152
2504,27,2200
2561,29,2250
2620,30,2302

[22:22:44 643]收：2676,28,2351

[22:22:44 681]收：2731,27,2400
2784,27,2446

[22:22:44 741]收：2838,26,2494
2889,26,2539
2938,24,2582

[22:22:44 821]收：2986,23,2624
3026,19,2659
3067,20,2695
3103,17,2727

[22:22:44 882]收：3138,17,2758
3177,20,2792
3214,17,2824

[22:22:44 923]收：3257,13,2862
3269,12,2873

[22:22:44 962]收：3295,12,2895
3321,14,2918

[22:22:45 003]收：3347,13,2941
3374,13,2965

[22:22:45 024]收：3406,17,2993

[22:22:45 065]收：3435,15,3019
3475,21,3054

[22:22:45 142]收：3516,21,3090
3569,14,3136
3581,12,3147
3598,7,3162

[22:22:45 181]收：3607,4,3170
3613,3,3175

[22:22:45 241]收：3618,2,3179
3621,1,3182
3621,0,3182

[22:22:45 281]收：3620,-1,3181
3620,0,3181

[22:22:45 301]收：3620,0,3181

[22:22:45 342]收：3620,0,3181
3620,0,3181

[22:22:45 381]收：3620,0,3181
3620,0,3181

[22:22:45 404]收：3620,0,3181

[22:22:45 441]收：3619,0,3180
3620,0,3181

[22:22:45 462]收：3620,0,3181

[22:22:45 482]收：3620,0,3181

[22:22:45 521]收：3620,0,3181
3619,0,3180

[22:22:45 581]收：3619,-1,3180
3619,0,3180
3619,0,3180

[22:22:45 621]收：3619,0,3180
3619,0,3180

[22:22:45 662]收：3619,0,3180
3619,0,3180

[22:22:45 685]收：3619,0,3180

[22:22:45 721]收：3619,0,3180
3619,0,3180

[22:22:45 763]收：3618,-1,3179
3618,0,3179

[22:22:45 801]收：3618,0,3179
3617,0,3179

[22:22:45 841]收：3617,0,3179
3616,-1,3178

[22:22:45 881]收：3616,0,3178
3616,0,3178

[22:22:45 941]收：3615,-1,3177
3614,-1,3176
3613,-1,3175

[22:22:46 001]收：3611,-1,3173
3608,-2,3171
3605,-2,3168

[22:22:46 042]收：3601,-2,3164
3596,-3,3160

[22:22:46 062]收：3591,-2,3156

[22:22:46 122]收：3585,-3,3150
3573,-7,3140
3553,-11,3122

[22:22:46 161]收：3521,-17,3094
3492,-14,3069

[22:22:46 181]收：3466,-13,3046

[22:22:46 204]收：3435,-13,3019

[22:22:46 226]收：3413,-22,2999

[22:22:46 256]收：3375,-18,2966
3337,-21,2932

[22:22:46 282]收：3290,-23,2891

[22:22:46 322]收：3252,-17,2858
3223,-14,2832

[22:22:46 342]收：3186,-20,2800

[22:22:46 363]收：3141,-23,2760

[22:22:46 402]收：3095,-23,2720
3052,-21,2682

[22:22:46 441]收：3007,-23,2642
2957,-25,2598

[22:22:46 462]收：2904,-27,2552

[22:22:46 484]收：2848,-29,2503

[22:22:46 541]收：2793,-27,2454
2738,-29,2406
2675,-32,2351

[22:22:46 561]收：2609,-33,2293

[22:22:46 582]收：2546,-31,2237

[22:22:46 607]收：2451,-32,2154

[22:22:46 642]收：2418,-33,2125
2353,-32,2068

[22:22:46 701]收：2291,-30,2013
2234,-28,1963
2177,-29,1913

[22:22:46 742]收：2116,-31,1859
2054,-30,1805

[22:22:46 781]收：2001,-26,1758
1952,-24,1715

[22:22:46 805]收：1880,-25,1652

[22:22:46 843]收：1855,-25,1630
1805,-25,1586

[22:22:46 881]收：1756,-25,1543
1708,-24,1501

[22:22:46 921]收：1660,-25,1458
1606,-28,1411

[22:22:46 943]收：1548,-29,1360

[22:22:46 965]收：1493,-27,1312

[22:22:47 022]收：1442,-24,1267
1392,-25,1223
1341,-25,1178

[22:22:47 043]收：1286,-27,1130

[22:22:47 161]收：1235,-25,1085
1187,-23,1043
1145,-21,1006
1105,-20,971
1064,-21,935
1020,-22,896

[22:22:47 261]收：984,-17,864
942,-13,827
928,-14,815
900,-14,791
871,-15,765

[22:22:47 282]收：843,-14,740

[22:22:47 302]收：819,-12,719

[22:22:47 343]收：793,-13,696
775,-8,681

[22:22:47 382]收：763,-5,670
755,-4,663

[22:22:47 422]收：749,-3,658
742,-4,652

[22:22:47 481]收：734,-4,645
728,-2,639
723,-2,635

[22:22:47 521]收：720,-1,632
719,-1,631

[22:22:47 582]收：719,0,631
719,0,631
720,1,632

[22:22:47 621]收：720,0,632
720,0,632

[22:22:47 681]收：720,0,632
720,0,632
720,0,632

[22:22:47 702]收：721,0,633

[22:22:47 743]收：721,0,633
721,0,633

[22:22:47 783]收：721,0,633
721,0,633

[22:22:47 821]收：721,0,633
721,0,633

[22:22:47 861]收：721,0,633
721,0,633

[22:22:47 902]收：721,0,633
721,0,633

[22:22:47 923]收：721,0,633

[22:22:47 981]收：721,0,633
721,0,633
721,0,633

[22:22:48 041]收：721,0,633
721,0,633
721,0,633

[22:22:48 141]收：721,0,633
721,0,633
721,0,633
721,0,633
721,0,633

[22:22:48 181]收：722,0,634
722,0,634

[22:22:48 242]收：722,0,634
723,0,635
724,0,636

[22:22:48 281]收：727,1,638
729,1,640

[22:22:48 322]收：734,2,645
736,2,646

[22:22:48 343]收：740,2,650

[22:22:48 381]收：744,2,653
751,3,660

[22:22:48 421]收：763,6,670
778,8,683

[22:22:48 504]收：793,8,696
807,8,709
818,5,718
825,1,725

[22:22:48 544]收：825,0,725
825,0,725

[22:22:48 584]收：827,1,726
854,15,750

[22:22:48 607]收：882,8,775

[22:22:48 643]收：891,9,783
916,13,805

[22:22:48 681]收：953,22,837
1001,23,879

[22:22:48 741]收：1046,22,919
1096,26,963
1145,24,1006

[22:22:48 781]收：1193,24,1048
1241,24,1090

[22:22:48 843]收：1296,28,1139
1357,32,1192
1422,32,1249

[22:22:48 881]收：1483,30,1303
1542,30,1355

[22:22:48 941]收：1639,33,1440
1673,34,1470
1735,30,1524

[22:22:48 962]收：1793,29,1575

[22:22:49 005]收：1851,29,1626
1910,30,1678

[22:22:49 026]收：1969,29,1730

[22:22:49 121]收：2028,29,1782
2088,30,1835
2149,31,1888
2242,30,1970
2273,31,1997

[22:22:49 144]收：2334,31,2051

[22:22:49 188]收：2396,31,2105
2456,30,2158

[22:22:49 222]收：2514,29,2209
2573,30,2261

[22:22:49 262]收：2630,29,2311
2686,28,2360

[22:22:49 302]收：2742,28,2409
2798,29,2459

[22:22:49 362]收：2853,27,2507
2909,28,2556
2966,29,2606

[22:22:49 387]收：3021,27,2655

[22:22:49 442]收：3073,26,2700
3125,27,2746
3182,29,2796

[22:22:49 501]收：3241,28,2848
3294,26,2895
3352,30,2946

[22:22:49 542]收：3411,30,2997
3470,30,3049

[22:22:49 601]收：3528,29,3100
3584,26,3150
3624,17,3185

[22:22:49 641]收：3652,15,3209
3678,12,3232

[22:22:49 661]收：3685,2,3238

[22:22:49 682]收：3683,-2,3237

[22:22:49 741]收：3680,-1,3234
3679,-1,3233
3678,-1,3232

[22:22:49 782]收：3678,0,3232
3678,0,3232

[22:22:49 821]收：3678,0,3232
3678,0,3232

[22:22:49 841]收：3678,0,3232

[22:22:49 884]收：3678,0,3232
3678,0,3232

[22:22:49 982]收：3678,0,3232
3678,0,3232
3678,0,3232
3678,0,3232
3678,0,3232

[22:22:50 007]收：3678,0,3232

[22:22:50 043]收：3678,0,3232
3677,-1,3231

[22:22:50 082]收：3676,-1,3230
3676,0,3230

[22:22:50 161]收：3676,0,3230
3675,-1,3229
3675,0,3229
3675,0,3229

[22:22:50 181]收：3675,0,3229

[22:22:50 241]收：3675,0,3229
3675,0,3229
3675,0,3229

[22:22:50 282]收：3675,0,3229
3675,0,3229

[22:22:50 303]收：3675,0,3229

[22:22:50 361]收：3675,0,3229
3675,0,3229
3675,0,3229

[22:22:50 382]收：3675,0,3229

[22:22:50 445]收：3675,0,3229
3674,-1,3229
3673,-1,3228

[22:22:50 481]收：3673,0,3228

[22:22:50 511]收：3672,0,3227
3671,0,3226

[22:22:50 562]收：3671,0,3226
3671,0,3226
3670,0,3225

[22:22:50 582]收：3670,0,3225

[22:22:50 622]收：3669,0,3224
3667,-1,3222

[22:22:50 662]收：3664,-1,3220
3660,-2,3216

[22:22:50 683]收：3654,-3,3211

[22:22:50 741]收：3637,-8,3196
3628,-9,3188
3603,-13,3166

[22:22:50 762]收：3575,-14,3142

[22:22:50 784]收：3543,-15,3113

[22:22:50 806]收：3503,-12,3078

[22:22:50 862]收：3494,-9,3070
3476,-8,3055
3466,-4,3046

[22:22:50 902]收：3454,-8,3035
3421,-16,3006

[22:22:50 982]收：3392,-15,2981
3359,-17,2952
3320,-20,2917
3282,-19,2884

[22:22:51 061]收：3250,-15,2856
3216,-18,2826
3174,-22,2789
3130,-22,2750

[22:22:51 082]收：3083,-24,2709

[22:22:51 122]收：3039,-22,2670
2991,-25,2628

[22:22:51 161]收：2938,-27,2582
2879,-30,2530

[22:22:51 204]收：2819,-30,2477
2764,-27,2429

[22:22:51 301]收：2705,-31,2377
2640,-33,2320
2575,-32,2263
2514,-31,2209
2449,-33,2152

[22:22:51 345]收：2385,-32,2096
2321,-31,2039

[22:22:51 383]收：2260,-30,1986
2200,-30,1933

[22:22:51 422]收：2137,-32,1878
2073,-32,1821

[22:22:51 443]收：2017,-28,1772

[22:22:51 485]收：1966,-25,1727
1914,-26,1682

[22:22:51 563]收：1834,-27,1611
1807,-27,1588
1759,-23,1545
1715,-22,1507

[22:22:51 585]收：1669,-24,1466

[22:22:51 623]收：1619,-26,1422
1568,-25,1378

[22:22:51 643]收：1520,-24,1335

[22:22:51 682]收：1471,-24,1292
1426,-22,1253

[22:22:51 703]收：1380,-23,1212

[22:22:51 744]收：1334,-24,1172
1285,-24,1129

[22:22:51 782]收：1239,-23,1088
1197,-20,1052

[22:22:51 823]收：1156,-20,1016
1114,-21,979

[22:22:51 883]收：1069,-24,939
1019,-25,895
973,-22,855

[22:22:51 923]收：904,-24,794
879,-25,772

[22:22:51 963]收：823,-29,723
756,-37,664

[22:22:51 983]收：698,-24,613

[22:22:52 003]收：661,-17,580

[22:22:52 042]收：630,-14,553
610,-7,536

[22:22:52 083]收：605,-1,531
608,2,534

[22:22:52 124]收：614,1,539
616,2,541

[22:22:52 164]收：618,1,543
620,1,544

[22:22:52 185]收：621,1,545

[22:22:52 206]收：622,0,546

[22:22:52 243]收：622,0,546
623,0,547

[22:22:52 284]收：623,0,547
624,0,548

[22:22:52 322]收：625,0,549
625,0,549

[22:22:52 344]收：626,1,550

[22:22:52 382]收：626,0,550
627,0,551

[22:22:52 403]收：628,1,551

[22:22:52 443]收：628,0,551
629,0,552

[22:22:52 483]收：630,1,553
631,1,554

[22:22:52 504]收：632,1,555

[22:22:52 580]收：632,0,555
633,0,556

[22:22:53 042]收：633,0,556
634,0,557
634,0,557
634,0,557
633,-1,556
634,0,557
634,0,557
634,0,557
635,1,558
635,0,558
636,0,558
636,0,558
637,0,559
638,1,560
638,0,560
639,0,561
640,1,562
641,0,563
642,1,564
645,0,566
650,1,571
643,1,565
646,0,567
644,1,566
648,1,569
653,2,573

[22:22:53 085]收：660,5,580

[22:22:53 143]收：678,10,595
707,15,621
738,15,648

[22:22:53 182]收：771,17,677
805,16,707

[22:22:53 222]收：834,7,733
840,6,738

[22:22:53 263]收：845,3,742
849,2,746

[22:22:53 302]收：884,18,776
911,13,800

[22:22:53 341]收：948,22,833
1005,29,883

[22:22:53 363]收：1065,30,936

[22:22:53 385]收：1127,30,990

[22:22:53 462]收：1212,27,1065
1241,29,1090
1306,34,1147
1377,36,1210

[22:22:53 505]收：1450,36,1274
1519,34,1335

[22:22:53 543]收：1593,38,1400
1673,41,1470

[22:22:53 564]收：1752,39,1539

[22:22:53 602]收：1831,39,1609
1914,42,1682

[22:22:53 622]收：1996,42,1754

[22:22:53 643]收：2079,42,1827

[22:22:53 664]收：2161,41,1899

[22:22:53 686]收：2239,39,1967

[22:22:53 743]收：2353,38,2068
2391,38,2101
2464,35,2165

[22:22:53 782]收：2528,31,2221
2588,30,2274

[22:22:53 841]收：2645,29,2324
2700,27,2373
2750,25,2416

[22:22:53 902]收：2797,24,2458
2840,21,2496
2881,21,2532

[22:22:53 982]收：2923,20,2569
2965,21,2605
3006,20,2641
3049,21,2679

[22:22:54 022]收：3090,20,2715
3131,21,2751

[22:22:54 043]收：3173,22,2788

[22:22:54 102]收：3223,25,2832
3265,20,2869
3308,22,2907

[22:22:54 124]收：3353,24,2946

[22:22:54 144]收：3400,22,2988

[22:22:54 183]收：3449,23,3031
3499,26,3075

[22:22:54 241]收：3573,24,3140
3591,18,3156
3614,10,3176

[22:22:54 263]收：3627,7,3187

[22:22:54 325]收：3638,6,3197
3644,2,3202
3647,3,3205

[22:22:54 383]收：3654,3,3211
3660,3,3216
3664,2,3220

[22:22:54 422]收：3665,0,3221
3666,1,3222

[22:22:54 443]收：3666,0,3222

[22:22:54 465]收：3665,0,3221

[22:22:54 506]收：3665,0,3221
3665,0,3221

[22:22:54 543]收：3665,0,3221
3665,0,3221

[22:22:54 582]收：3665,0,3221
3665,0,3221

[22:22:54 624]收：3665,0,3221
3665,0,3221

[22:22:54 663]收：3665,0,3221
3665,0,3221

[22:22:54 703]收：3664,0,3220
3664,0,3220

[22:22:54 725]收：3664,0,3220

[22:22:54 763]收：3664,0,3220
3664,0,3220

[22:22:54 821]收：3663,-1,3219
3663,0,3219
3663,0,3219

[22:22:54 884]收：3662,0,3218
3662,0,3218
3662,0,3218

[22:22:54 924]收：3662,0,3218
3662,0,3218

[22:22:54 983]收：3662,0,3218
3662,0,3218
3662,0,3218

[22:22:55 008]收：3662,0,3218

[22:22:55 043]收：3662,0,3218
3662,0,3218

[22:22:55 082]收：3662,0,3218
3662,0,3218

[22:22:55 102]收：3662,0,3218

[22:22:55 142]收：3662,0,3218
3661,-1,3217

[22:22:55 182]收：3659,-1,3215
3655,-2,3212

[22:22:55 242]收：3651,-2,3208
3643,-4,3201
3634,-4,3193

[22:22:55 283]收：3628,-3,3188
3621,-4,3182

[22:22:55 402]收：3611,-6,3173
3592,-11,3157
3559,-18,3128
3526,-16,3099
3483,-20,3061
3455,-13,3036

[22:22:55 483]收：3396,-32,2984
3342,-27,2937
3278,-33,2881
3212,-32,2823

[22:22:55 544]收：3152,-29,2770
3095,-29,2720
3034,-32,2666

[22:22:55 602]收：2965,-35,2605
2897,-34,2546
2833,-31,2489

[22:22:55 623]收：2775,-28,2438

[22:22:55 643]收：2716,-31,2387

[22:22:55 703]收：2653,-32,2331
2592,-30,2278
2536,-27,2228

[22:22:55 744]收：2481,-28,2180
2424,-29,2130

[22:22:55 783]收：2367,-29,2080
2311,-28,2031

[22:22:55 842]收：2232,-26,1961
2206,-26,1938
2152,-27,1891

[22:22:55 883]收：2098,-27,1843
2044,-27,1796

[22:22:55 923]收：1964,-27,1726
1937,-27,1702

[22:22:55 963]收：1882,-28,1654
1822,-30,1601

[22:22:55 984]收：1760,-31,1546

[22:22:56 022]收：1700,-30,1494
1635,-33,1437

[22:22:56 081]收：1564,-36,1374
1494,-34,1313
1432,-30,1258

[22:22:56 123]收：1369,-32,1203
1301,-35,1143

[22:22:56 164]收：1237,-31,1087
1181,-28,1037

[22:22:56 224]收：1126,-27,989
1072,-27,942
1016,-28,892

[22:22:56 263]收：969,-23,851
928,-20,815

[22:22:56 302]收：885,-21,777
844,-21,741

[22:22:56 323]收：805,-20,707

[22:22:56 364]收：764,-20,671
733,-14,644

[22:22:56 384]收：713,-9,626

[22:22:56 409]收：697,-8,612

[22:22:56 442]收：687,-4,603
683,-1,600

[22:22:56 464]收：682,0,599

[22:22:56 524]收：681,0,598
682,0,599
682,0,599

[22:22:56 583]收：683,0,600
683,0,600
683,0,600

[22:22:56 643]收：684,1,601
684,0,601
684,0,601

[22:22:56 683]收：685,1,602
685,0,602

[22:22:56 724]收：686,1,602
686,0,602

[22:22:56 783]收：686,0,602
685,0,602
686,0,602

[22:22:56 822]收：686,0,602
686,0,602

[22:22:56 882]收：686,0,602
686,0,602
687,0,603

[22:22:56 902]收：687,0,603

[22:22:56 942]收：687,0,603
687,0,603

[22:22:56 964]收：687,0,603

[22:22:57 043]收：687,0,603
688,1,604
688,0,604
688,0,604

[22:22:57 082]收：688,0,604
688,0,604

[22:22:57 126]收：688,0,604
689,1,605

[22:22:57 147]收：689,0,605

[22:22:57 169]收：689,0,605

[22:22:57 203]收：689,0,605
690,0,606

[22:22:57 242]收：690,0,606
690,0,606

[22:22:57 283]收：690,0,606
690,0,606

[22:22:57 343]收：691,1,607
691,0,607
691,0,607

[22:22:57 382]收：691,0,607
691,0,607

[22:22:57 404]收：691,0,607

[22:22:57 442]收：691,0,607
692,0,608

[22:22:57 483]收：692,0,608
694,1,609

[22:22:57 522]收：696,1,611
699,2,614

[22:22:57 622]收：703,2,617
708,3,622
714,3,627
719,3,631
726,4,638

[22:22:57 644]收：735,4,645

[22:22:57 703]收：757,13,665
791,18,695
828,18,727

[22:22:57 743]收：878,30,771
930,25,817

[22:22:57 803]收：990,33,870
1058,35,929
1131,36,994

[22:22:57 843]收：1195,30,1050
1253,30,1101

[22:22:57 866]收：1324,37,1163

[22:22:57 902]收：1408,43,1237
1490,40,1309

[22:22:57 944]收：1568,40,1378
1656,45,1455

[22:22:57 983]收：1746,44,1534
1838,46,1615

[22:22:58 041]收：1933,47,1698
2026,47,1780
2120,47,1863

[22:22:58 083]收：2215,47,1946
2308,47,2028

[22:22:58 106]收：2447,45,2150

[22:22:58 144]收：2490,43,2188
2573,41,2261

[22:22:58 183]收：2655,41,2333
2733,39,2402

[22:22:58 283]收：2843,36,2498
2877,34,2528
2944,33,2587
3010,32,2645
3076,32,2703

[22:22:58 306]收：3166,30,2782

[22:22:58 342]收：3197,31,2809
3251,25,2857

[22:22:58 363]收：3300,26,2900

[22:22:58 482]收：3353,27,2946
3405,25,2992
3455,23,3036
3504,24,3079
3550,25,3120
3586,15,3151

[22:22:58 563]收：3601,5,3164
3610,4,3172
3616,2,3178
3616,-1,3178

[22:22:58 584]收：3614,-1,3176

[22:22:58 624]收：3613,0,3175
3612,-1,3174

[22:22:58 646]收：3612,0,3174

[22:22:58 683]收：3612,0,3174
3612,0,3174

[22:22:58 723]收：3612,0,3174
3612,0,3174

[22:22:58 762]收：3612,0,3174
3612,0,3174

[22:22:58 783]收：3612,0,3174

[22:22:58 807]收：3612,0,3174
3612,0,3174

[22:22:58 862]收：3612,0,3174
3613,1,3175

[22:22:58 903]收：3613,1,3175
3613,1,3175

[22:22:58 923]收：3613,0,3175

[22:22:58 962]收：3612,0,3174
3612,0,3174

[22:22:58 982]收：3613,0,3175

[22:22:59 023]收：3613,0,3175
3613,1,3175

[22:22:59 062]收：3612,-1,3174
3612,0,3174

[22:22:59 104]收：3612,0,3174
3613,1,3175

[22:22:59 162]收：3613,0,3175
3613,0,3175
3613,0,3175

[22:22:59 183]收：3612,-1,3174

[22:22:59 245]收：3613,0,3175
3613,0,3175
3613,0,3175

[22:22:59 283]收：3612,0,3174
3613,1,3175

[22:22:59 304]收：3613,0,3175

[22:22:59 343]收：3613,0,3175
3613,0,3175

[22:22:59 383]收：3613,0,3175
3612,-1,3174

[22:22:59 423]收：3613,1,3175
3613,0,3175

[22:22:59 443]收：3613,0,3175

[22:22:59 503]收：3613,0,3175
3613,0,3175
3613,0,3175

[22:22:59 543]收：3613,0,3175
3613,0,3175

[22:22:59 584]收：3613,0,3175
3613,0,3175

[22:22:59 607]收：3613,1,3175

[22:22:59 683]收：3613,1,3175
3612,-1,3174
3612,0,3174
3611,-1,3173

[22:22:59 705]收：3607,-2,3170

[22:22:59 784]收：3602,-3,3165
3597,-3,3161
3590,-3,3155
3582,-4,3148

[22:22:59 806]收：3566,-6,3134

[22:22:59 867]收：3558,-8,3127
3537,-12,3108
3505,-19,3080

[22:22:59 923]收：3478,-13,3056
3412,-29,2998
3386,-26,2975

[22:23:00 023]收：3337,-25,2932
3279,-29,2881
3225,-26,2834
3174,-26,2789
3117,-29,2739

[22:23:00 063]收：3058,-30,2687
2991,-34,2628

[22:23:00 122]收：2924,-33,2569
2857,-33,2511
2794,-31,2455

[22:23:00 162]收：2731,-33,2400
2662,-34,2339

[22:23:00 202]收：2595,-33,2280
2534,-29,2227

[22:23:00 224]收：2473,-31,2173

[22:23:00 264]收：2411,-31,2119
2348,-31,2063

[22:23:00 324]收：2289,-29,2011
2233,-28,1962
2175,-29,1911

[22:23:00 362]收：2115,-30,1858
2057,-28,1807

[22:23:00 383]收：2003,-27,1760

[22:23:00 423]收：1951,-27,1714
1895,-28,1665

[22:23:00 463]收：1834,-30,1611
1776,-28,1560

[22:23:00 502]收：1723,-26,1514
1666,-29,1464

[22:23:00 527]收：1603,-33,1408

[22:23:00 593]收：1538,-32,1351
1478,-30,1299
1424,-27,1251

[22:23:00 703]收：1368,-28,1202
1309,-31,1150
1253,-27,1101
1200,-26,1054
1149,-26,1009
1100,-24,966

[22:23:00 743]收：1049,-26,921
997,-25,876

[22:23:00 765]收：949,-23,834

[22:23:00 822]收：903,-24,793
855,-25,751
804,-26,706

[22:23:00 842]收：751,-25,660

[22:23:00 884]收：719,-14,631
697,-11,612

[22:23:00 923]收：679,-8,596
667,-6,586

[22:23:00 963]收：664,0,583
664,0,583

[22:23:01 005]收：666,1,585
666,0,585

[22:23:01 025]收：667,0,586

[22:23:01 046]收：667,0,586

[22:23:01 104]收：668,0,587
668,0,587
668,0,587

[22:23:01 182]收：668,0,587
668,0,587
668,0,587
669,0,587

[22:23:01 202]收：669,0,587

[22:23:01 243]收：669,0,587
669,0,587

[22:23:01 274]收：669,0,587

[22:23:01 324]收：670,0,588
670,0,588
670,0,588

[22:23:01 344]收：671,1,589

[22:23:01 382]收：671,0,589
671,0,589

[22:23:01 422]收：671,0,589
671,0,589

[22:23:01 443]收：671,0,589

[22:23:01 464]收：671,0,589

[22:23:01 504]收：672,0,590
672,0,590

[22:23:01 563]收：672,0,590
672,0,590
672,0,590

[22:23:01 584]收：672,0,590

[22:23:01 623]收：673,0,591
673,0,591

[22:23:01 662]收：673,0,591
673,0,591

[22:23:01 702]收：673,0,591
673,0,591

[22:23:01 723]收：673,0,591

[22:23:01 743]收：673,0,591
673,0,591

[22:23:01 785]收：674,0,592

[22:23:01 823]收：674,0,592
674,0,592

[22:23:01 843]收：674,0,592

[22:23:01 866]收：674,0,592

[22:23:01 943]收：674,0,592
674,0,592
674,0,592
674,0,592

[22:23:01 983]收：674,-1,592
675,0,593

[22:23:02 042]收：675,0,593
675,0,593
675,0,593

[22:23:02 069]收：675,0,593

[22:23:02 142]收：675,0,593
675,0,593
675,0,593
675,0,593

[22:23:02 164]收：676,1,594

[22:23:02 203]收：676,0,594
677,0,595

[22:23:02 243]收：679,1,596
682,2,599

[22:23:02 283]收：685,2,602
690,3,606

[22:23:02 342]收：699,3,614
703,4,617
721,11,633

[22:23:02 384]收：754,19,662
797,22,700

[22:23:02 405]收：833,16,732

[22:23:02 463]收：855,10,751
883,18,776
929,22,816

[22:23:02 542]收：981,28,862
1037,29,911
1099,32,965
1162,31,1021

[22:23:02 563]收：1221,29,1073

[22:23:02 587]收：1285,33,1129

[22:23:02 642]收：1359,38,1194
1436,38,1262
1510,36,1327

[22:23:02 663]收：1586,39,1393

[22:23:02 684]收：1670,43,1467

[22:23:02 743]收：1751,40,1538
1832,41,1610
1915,41,1683

[22:23:02 763]收：1996,41,1754

[22:23:02 843]收：2076,40,1824
2156,40,1894
2233,38,1962
2310,39,2030

[22:23:02 864]收：2389,40,2099

[22:23:02 885]收：2464,37,2165

[22:23:02 943]收：2535,35,2228
2605,35,2289
2673,33,2349

[22:23:02 982]收：2741,33,2409
2807,33,2467

[22:23:03 023]收：2902,31,2550
2931,29,2576

[22:23:03 063]收：2990,29,2627
3049,30,2679

[22:23:03 085]收：3104,26,2728

[22:23:03 144]收：3155,25,2772
3214,30,2824
3265,25,2869

[22:23:03 164]收：3317,25,2915

[22:23:03 222]收：3369,27,2961
3440,23,3023
3462,22,3042

[22:23:03 282]收：3504,20,3079
3542,19,3113
3573,13,3140

[22:23:03 302]收：3590,7,3155

[22:23:03 366]收：3600,5,3164
3609,4,3171
3616,3,3178

[22:23:03 387]收：3617,0,3179

[22:23:03 422]收：3617,0,3179
3616,-1,3178

[22:23:03 463]收：3616,0,3178
3616,0,3178

[22:23:03 504]收：3615,-1,3177
3615,-1,3177

[22:23:03 563]收：3615,0,3177
3615,0,3177
3615,0,3177

[22:23:03 603]收：3615,0,3177
3615,-1,3177

[22:23:03 627]收：3615,0,3177

[22:23:03 682]收：3615,0,3177
3615,0,3177
3615,0,3177

[22:23:03 703]收：3615,0,3177

[22:23:03 763]收：3615,0,3177
3614,0,3176
3615,1,3177

[22:23:03 785]收：3614,0,3176

[22:23:03 843]收：3614,0,3176
3614,0,3176
3614,0,3176

[22:23:03 883]收：3614,0,3176
3614,0,3176

[22:23:03 923]收：3614,0,3176
3614,0,3176

[22:23:03 983]收：3614,0,3176
3614,0,3176
3614,0,3176

[22:23:04 042]收：3613,-1,3175
3613,-1,3175
3613,0,3175

[22:23:04 065]收：3613,0,3175

[22:23:04 123]收：3613,0,3175
3613,0,3175
3613,0,3175

[22:23:04 143]收：3613,0,3175

[22:23:04 182]收：3613,0,3175
3613,0,3175

[22:23:04 204]收：3613,0,3175

[22:23:04 243]收：3613,0,3175
3613,0,3175

[22:23:04 322]收：3613,0,3175
3613,0,3175
3613,0,3175
3613,0,3175

[22:23:04 342]收：3613,0,3175

[22:23:04 383]收：3613,0,3175
3612,0,3174

[22:23:04 423]收：3612,0,3174
3612,0,3174

[22:23:04 463]收：3612,0,3174
3612,0,3174

[22:23:04 502]收：3612,0,3174
3612,0,3174

[22:23:04 522]收：3612,0,3174

[22:23:04 543]收：3612,0,3174

[22:23:04 563]收：3612,0,3174

[22:23:04 623]收：3612,0,3174
3612,0,3174
3612,0,3174

[22:23:04 703]收：3612,0,3174
3611,-1,3173
3611,0,3173
3611,0,3173

[22:23:04 724]收：3611,0,3173

[22:23:04 782]收：3611,0,3173
3611,0,3173
3611,0,3173

[22:23:04 802]收：3611,0,3173

[22:23:04 823]收：3611,0,3173

[22:23:04 843]收：3611,0,3173

[22:23:04 884]收：3610,-1,3172
3610,0,3172

[22:23:04 944]收：3610,0,3172
3610,0,3172
3610,0,3172

[22:23:04 965]收：3610,0,3172

[22:23:05 083]收：3610,0,3172
3610,0,3172
3610,0,3172
3610,0,3172
3609,0,3171
3609,0,3171

[22:23:05 105]收：3609,0,3171

[22:23:05 182]收：3609,0,3171
3609,0,3171
3609,0,3171
3609,0,3171

[22:23:05 223]收：3608,-1,3171
3608,0,3171

[22:23:05 245]收：3608,0,3171

[22:23:05 304]收：3608,0,3171
3608,0,3171
3608,0,3171

[22:23:05 344]收：3608,0,3171
3608,0,3171

[22:23:05 404]收：3608,0,3171
3608,0,3171
3608,0,3171

[22:23:05 462]收：3608,0,3171
3607,-1,3170
3607,0,3170

[22:23:05 485]收：3607,0,3170

[22:23:05 525]收：3607,0,3170
3607,0,3170

[22:23:05 547]收：3607,0,3170

[22:23:05 605]收：3607,0,3170
3607,0,3170
3607,0,3170

[22:23:05 643]收：3607,0,3170
3607,0,3170

[22:23:05 683]收：3607,0,3170
3607,0,3170

[22:23:05 763]收：3607,0,3170
3607,0,3170
3607,0,3170
3607,0,3170

[22:23:05 785]收：3607,0,3170

[22:23:05 863]收：3607,0,3170
3607,0,3170
3607,0,3170
3607,0,3170

[22:23:05 883]收：3607,0,3170

[22:23:05 923]收：3607,0,3170
3607,0,3170

[22:23:05 963]收：3607,0,3170
3606,-1,3169

[22:23:05 985]收：3607,0,3170

[22:23:06 042]收：3607,0,3170
3607,0,3170
3607,0,3170

[22:23:06 103]收：3607,0,3170
3607,0,3170
3607,0,3170

[22:23:06 143]收：3606,-1,3169
3607,1,3170

[22:23:06 164]收：3606,0,3169

[22:23:06 186]收：3606,0,3169

[22:23:06 209]收：3606,0,3169

[22:23:06 243]收：3606,0,3169
3604,-1,3167

[22:23:06 283]收：3602,-1,3165
3597,-3,3161

[22:23:06 307]收：3581,-7,3147

[22:23:06 329]收：3572,-9,3139

[22:23:06 364]收：3554,-9,3123
3539,-9,3110

[22:23:06 384]收：3520,-9,3093

[22:23:06 424]收：3497,-15,3073
3443,-31,3026

[22:23:06 465]收：3387,-27,2976
3333,-28,2929

[22:23:06 524]收：3268,-33,2872
3208,-29,2819
3152,-28,2770

[22:23:06 565]收：3091,-31,2716
3027,-33,2660

[22:23:06 609]收：2956,-36,2598
2849,-35,2504

[22:23:06 643]收：2815,-34,2474
2754,-30,2420

[22:23:06 662]收：2684,-36,2358

[22:23:06 685]收：2608,-39,2292

[22:23:06 708]收：2503,-34,2199

[22:23:06 742]收：2469,-34,2170
2397,-37,2106

[22:23:06 783]收：2324,-37,2042
2254,-35,1981

[22:23:06 843]收：2185,-35,1920
2111,-38,1855
2034,-39,1787

[22:23:06 883]收：1962,-35,1724
1891,-36,1662

[22:23:06 903]收：1814,-39,1594

[22:23:06 942]收：1740,-36,1529
1672,-34,1469

[22:23:06 983]收：1599,-37,1405
1526,-35,1341

[22:23:07 043]收：1460,-32,1283
1399,-31,1229
1334,-33,1172

[22:23:07 084]收：1268,-31,1114
1212,-27,1065

[22:23:07 123]收：1159,-26,1018
1108,-26,973

[22:23:07 163]收：1057,-26,929
1006,-25,884

[22:23:07 184]收：959,-23,842

[22:23:07 222]收：917,-21,805
875,-20,769

[22:23:07 284]收：832,-22,731
785,-26,689
730,-25,641

[22:23:07 342]收：699,-13,614
681,-8,598
669,-5,587

[22:23:07 385]收：663,-1,582
664,1,583

[22:23:07 443]收：665,1,584
666,0,585
667,1,586

[22:23:07 463]收：667,0,586

[22:23:07 484]收：668,1,587

[22:23:07 524]收：668,0,587
669,1,587

[22:23:07 562]收：669,0,587
669,0,587

[22:23:07 606]收：670,1,588
670,0,588

[22:23:07 628]收：670,0,588

[22:23:07 683]收：670,0,588
670,0,588
670,0,588

[22:23:07 743]收：670,-1,588
670,0,588
671,0,589

[22:23:07 843]收：671,0,589
671,0,589
671,0,589
671,0,589
671,0,589

[22:23:07 884]收：671,0,589
671,0,589

[22:23:07 905]收：671,0,589

[22:23:07 929]收：671,0,589

[22:23:07 963]收：671,0,589
671,0,589

[22:23:08 043]收：671,0,589
671,0,589
671,0,589
671,0,589

[22:23:08 064]收：671,0,589

[22:23:08 103]收：671,0,589
671,0,589

[22:23:08 162]收：671,0,589
671,0,589
672,0,590

[22:23:08 182]收：672,0,590

[22:23:08 204]收：672,0,590

[22:23:08 264]收：672,0,590
672,0,590
672,0,590

[22:23:08 285]收：672,0,590

[22:23:08 324]收：672,0,590
672,0,590

[22:23:08 383]收：672,0,590
672,0,590
672,0,590

[22:23:08 423]收：672,0,590
672,0,590

[22:23:08 444]收：672,0,590

[22:23:08 483]收：672,0,590
672,0,590

[22:23:08 523]收：672,0,590
672,0,590

[22:23:08 563]收：672,0,590
672,0,590

[22:23:08 603]收：672,0,590
672,0,590

[22:23:08 623]收：673,1,591

[22:23:08 683]收：672,0,590
673,0,591
673,0,591

[22:23:08 704]收：673,0,591

[22:23:08 745]收：673,0,591
673,0,591

[22:23:08 804]收：673,0,591
673,0,591
673,0,591

[22:23:08 825]收：673,0,591

[22:23:08 863]收：673,0,591
673,0,591

[22:23:08 944]收：673,0,591
673,0,591
673,0,591
673,0,591

[22:23:08 983]收：673,0,591
674,0,592

[22:23:09 025]收：674,0,592
674,0,592

[22:23:09 046]收：674,0,592

[22:23:09 083]收：674,0,592
674,0,592

[22:23:09 123]收：674,0,592
674,0,592

[22:23:09 143]收：674,0,592

[22:23:09 164]收：674,0,592

[22:23:09 184]收：674,0,592

[22:23:09 223]收：674,0,592
674,0,592

[22:23:09 263]收：674,0,592
674,0,592

[22:23:09 303]收：674,0,592
674,0,592

[22:23:09 323]收：674,0,592

[22:23:09 383]收：674,0,592
674,0,592
674,0,592

[22:23:09 442]收：674,0,592
674,0,592
674,0,592

[22:23:09 463]收：674,0,592

[22:23:09 483]收：674,0,592

[22:23:09 507]收：675,1,593

[22:23:09 544]收：675,0,593
675,1,593

[22:23:09 565]收：675,0,593

[22:23:09 644]收：674,0,592
675,0,593
675,0,593
675,0,593

[22:23:09 683]收：675,0,593
675,0,593

[22:23:09 704]收：675,0,593

[22:23:09 747]收：675,0,593
675,0,593

[22:23:09 790]收：675,0,593
675,0,593

[22:23:09 811]收：675,0,593

[22:23:09 844]收：675,0,593
675,0,593

[22:23:09 964]收：675,0,593
675,0,593
675,0,593
675,0,593
675,0,593
675,0,593

[22:23:09 984]收：675,0,593

[22:23:10 023]收：675,0,593
675,0,593

[22:23:10 064]收：675,0,593
675,0,593

[22:23:10 084]收：675,0,593

[22:23:10 105]收：675,0,593

[22:23:10 144]收：675,0,593
675,0,593

[22:23:10 167]收：675,0,593

[22:23:10 222]收：676,1,594
675,0,593
675,0,593

[22:23:10 248]收：676,0,594

[22:23:10 364]收：676,0,594
676,0,594
676,0,594
676,0,594
676,0,594
676,0,594

[22:23:10 402]收：676,0,594
676,0,594

[22:23:10 422]收：676,0,594

[22:23:10 463]收：676,0,594
676,0,594

[22:23:10 523]收：676,0,594
676,0,594
676,0,594

[22:23:10 543]收：676,0,594

[22:23:10 622]收：676,0,594
676,0,594
676,0,594
676,0,594

[22:23:10 663]收：676,0,594
676,0,594

[22:23:10 722]收：676,0,594
676,0,594
676,0,594

[22:23:10 763]收：676,0,594
676,0,594

[22:23:10 803]收：676,0,594
676,-1,594

[22:23:10 824]收：676,0,594

[22:23:10 902]收：676,0,594
676,0,594
677,1,595
677,0,595

[22:23:11 003]收：677,0,595
677,0,595
677,0,595
677,0,595
677,0,595

[22:23:11 083]收：677,-1,595
677,0,595
678,0,595
678,0,595

[22:23:11 124]收：678,0,595
679,1,596

[22:23:11 184]收：679,0,596
679,0,596
680,1,597

[22:23:11 204]收：680,0,597

[22:23:11 243]收：680,0,597
680,0,597

[22:23:11 263]收：680,0,597

[22:23:11 283]收：680,-1,597

[22:23:11 343]收：681,1,598
681,0,598
681,0,598

[22:23:11 363]收：681,0,598

[22:23:11 387]收：681,0,598

[22:23:11 442]收：681,0,598
681,0,598
681,0,598

[22:23:11 486]收：681,0,598
681,0,598

[22:23:11 583]收：681,0,598
681,0,598
681,0,598
681,0,598
681,0,598

[22:23:11 604]收：681,0,598

[22:23:11 624]收：681,0,598

[22:23:11 662]收：681,0,598
682,0,599

[22:23:11 703]收：682,0,599
682,0,599

[22:23:11 726]收：682,0,599

[22:23:11 765]收：683,0,600
684,0,601

[22:23:11 823]收：687,2,603
690,2,606
695,3,610

[22:23:11 863]收：700,3,615
707,4,621

[22:23:11 903]收：724,11,636
759,20,667

[22:23:11 943]收：804,22,706
835,13,733

[22:23:11 963]收：854,9,750

[22:23:11 983]收：895,25,786

[22:23:12 042]收：939,21,825
987,24,867
1040,27,914

[22:23:12 084]收：1102,32,968
1162,29,1021

[22:23:12 127]收：1213,25,1066
1264,26,1110

[22:23:12 147]收：1323,30,1162

[22:23:12 202]收：1384,31,1216
1443,29,1268
1496,25,1314

[22:23:12 222]收：1549,26,1361

[22:23:12 243]收：1604,27,1409

[22:23:12 266]收：1658,27,1457

[22:23:12 306]收：1707,23,1500
1776,23,1560

[22:23:12 342]收：1799,23,1581
1844,22,1620

[22:23:12 403]收：1888,22,1659
1927,19,1693
1961,16,1723

[22:23:12 443]收：1989,13,1748
2013,11,1769

[22:23:12 524]收：2035,11,1788
2053,9,1804
2068,7,1817
2079,6,1827

[22:23:12 564]收：2084,2,1831
2086,1,1833

[22:23:12 603]收：2086,0,1833
2086,0,1833

[22:23:12 644]收：2085,-1,1832
2085,0,1832

[22:23:12 703]收：2085,0,1832
2085,0,1832
2085,0,1832

[22:23:12 723]收：2086,1,1833

[22:23:12 764]收：2086,0,1833
2087,1,1834

[22:23:12 804]收：2087,0,1834
2087,0,1834

[22:23:12 843]收：2088,0,1835
2088,0,1835

[22:23:12 863]收：2088,0,1835

[22:23:12 885]收：2087,-1,1834
2087,0,1834

[22:23:12 925]收：2087,0,1834

[22:23:12 962]收：2087,0,1834
2086,-1,1833

[22:23:12 984]收：2086,0,1833

[22:23:13 022]收：2086,0,1833
2086,0,1833

[22:23:13 083]收：2087,1,1834
2087,0,1834
2087,0,1834

[22:23:13 103]收：2087,0,1834
2088,0,1835

[22:23:13 163]收：2088,0,1835
2088,0,1835

[22:23:13 184]收：2089,0,1836

[22:23:13 226]收：2089,0,1836
2090,0,1836

[22:23:13 282]收：2090,0,1836
2090,0,1836
2090,0,1836

[22:23:13 303]收：2090,0,1836

[22:23:13 325]收：2090,0,1836

[22:23:13 383]收：2091,1,1837
2091,0,1837
2091,1,1837

[22:23:13 423]收：2090,0,1836
2091,1,1837

[22:23:13 467]收：2091,0,1837
2091,0,1837

[22:23:13 547]收：2091,0,1837
2092,0,1838
2092,0,1838
2093,0,1839

[22:23:13 606]收：2093,0,1839
2093,0,1839
2093,-1,1839

[22:23:13 627]收：2094,0,1840

[22:23:13 664]收：2094,0,1840
2095,0,1841

[22:23:13 685]收：2095,0,1841

[22:23:13 727]收：2097,1,1843
2097,0,1843

[22:23:13 783]收：2098,1,1843
2098,0,1843
2098,0,1843

[22:23:13 804]收：2098,0,1843

[22:23:13 844]收：2098,0,1843
2098,0,1843

[22:23:13 885]收：2098,0,1843
2098,0,1843

[22:23:13 926]收：2098,0,1843
2098,0,1843

[22:23:13 963]收：2098,0,1843
2097,-1,1843

[22:23:13 985]收：2098,1,1843

[22:23:14 024]收：2097,0,1843
2097,0,1843

[22:23:14 065]收：2097,0,1843
2097,0,1843

[22:23:14 087]收：2097,0,1843

[22:23:14 129]收：2096,0,1842
2096,0,1842

[22:23:14 223]收：2096,0,1842
2096,0,1842
2096,0,1842
2096,0,1842
2096,0,1842

[22:23:14 265]收：2096,0,1842
2096,0,1842

[22:23:14 292]收：2096,0,1842

[22:23:14 323]收：2096,0,1842
2096,0,1842

[22:23:14 345]收：2096,0,1842

[22:23:14 367]收：2096,0,1842

[22:23:14 423]收：2096,0,1842
2096,0,1842
2096,0,1842

[22:23:14 463]收：2096,1,1842
2096,0,1842

[22:23:14 485]收：2095,0,1841

[22:23:14 523]收：2095,0,1841
2095,0,1841

[22:23:14 562]收：2095,-1,1841
2095,0,1841

[22:23:14 583]收：2095,0,1841

[22:23:14 663]收：2095,0,1841
2095,0,1841
2095,0,1841
2095,0,1841

[22:23:14 686]收：2095,0,1841

[22:23:14 764]收：2095,0,1841
2095,0,1841
2095,0,1841
2095,0,1841

[22:23:14 804]收：2094,-1,1840
2094,0,1840

[22:23:14 844]收：2095,1,1841
2095,0,1841

[22:23:14 869]收：2095,0,1841

[22:23:14 903]收：2095,0,1841
2096,1,1842

[22:23:14 943]收：2097,1,1843
2102,3,1847

[22:23:14 965]收：2111,6,1855

[22:23:14 985]收：2125,7,1867

[22:23:15 023]收：2148,8,1887
2157,9,1895

[22:23:15 124]收：2178,11,1914
2204,14,1937
2232,14,1961
2265,17,1990
2302,19,2023

[22:23:15 185]收：2342,21,2058
2386,22,2097
2434,23,2139

[22:23:15 206]收：2479,23,2178

[22:23:15 248]收：2528,24,2221
2582,28,2269

[22:23:15 283]收：2634,26,2315
2688,27,2362

[22:23:15 308]收：2741,26,2409

[22:23:15 368]收：2794,27,2455
2850,28,2504
2906,29,2554

[22:23:15 411]收：2962,29,2603
3019,29,2653

[22:23:15 463]收：3072,26,2700
3124,27,2745
3180,27,2794

[22:23:15 487]收：3240,29,2847

[22:23:15 509]收：3290,25,2891

[22:23:15 543]收：3341,28,2936
3394,25,2983

[22:23:15 564]收：3442,23,3025

[22:23:15 591]收：3489,23,3066

[22:23:15 618]收：3551,22,3120

[22:23:15 645]收：3570,19,3137
3598,13,3162

[22:23:15 667]收：3620,10,3181

[22:23:15 706]收：3639,10,3198
3659,9,3215

[22:23:15 746]收：3667,3,3222
3667,0,3222

[22:23:15 783]收：3665,-1,3221
3664,0,3220

[22:23:15 806]收：3663,0,3219

[22:23:15 847]收：3663,0,3219
3662,-1,3218

[22:23:15 884]收：3661,-1,3217
3661,0,3217

[22:23:15 927]收：3661,0,3217
3661,0,3217

[22:23:15 984]收：3661,0,3217
3661,0,3217
3661,0,3217

[22:23:16 027]收：3661,0,3217
3660,-1,3216
3660,0,3216

[22:23:16 063]收：3660,0,3216

[22:23:16 106]收：3660,0,3216
3660,0,3216

[22:23:16 168]收：3660,0,3216
3659,0,3215
3659,0,3215

[22:23:16 212]收：3659,0,3215
3659,0,3215

[22:23:16 244]收：3658,0,3215
3658,0,3215

[22:23:16 265]收：3658,0,3215

[22:23:16 304]收：3658,0,3215
3658,0,3215

[22:23:16 344]收：3658,0,3215
3657,0,3214

[22:23:16 406]收：3657,0,3214
3656,0,3213
3656,0,3213

[22:23:16 445]收：3656,0,3213
3655,0,3212

[22:23:16 485]收：3655,0,3212
3655,0,3212

[22:23:16 524]收：3655,0,3212
3655,0,3212

[22:23:16 563]收：3655,0,3212
3654,-1,3211

[22:23:16 663]收：3654,0,3211
3654,0,3211
3654,0,3211
3654,0,3211
3654,0,3211

[22:23:16 683]收：3654,0,3211

[22:23:16 723]收：3653,-1,3210
3653,0,3210

[22:23:16 768]收：3653,0,3210
3653,0,3210

[22:23:16 805]收：3653,0,3210
3652,-1,3209

[22:23:16 845]收：3652,0,3209
3652,0,3209

[22:23:16 873]收：3652,0,3209

[22:23:16 927]收：3651,-1,3208
3651,0,3208
3651,0,3208

[22:23:17 004]收：3651,0,3208
3651,0,3208
3651,0,3208
3651,0,3208

[22:23:17 044]收：3650,-1,3208
3650,0,3208

[22:23:17 104]收：3650,0,3208
3650,0,3208
3650,0,3208

[22:23:17 144]收：3650,0,3208
3650,0,3208

[22:23:17 165]收：3650,0,3208
3650,0,3208

[22:23:17 225]收：3650,0,3208
3650,0,3208

[22:23:17 247]收：3650,0,3208

[22:23:17 284]收：3650,0,3208
3650,0,3208

[22:23:17 329]收：3649,0,3207
3649,0,3207

[22:23:17 362]收：3649,0,3207
3649,0,3207

[22:23:17 383]收：3649,0,3207

[22:23:17 425]收：3649,0,3207
3649,0,3207

[22:23:17 463]收：3649,0,3207
3649,0,3207

[22:23:17 523]收：3649,0,3207
3649,0,3207
3649,0,3207

[22:23:17 564]收：3649,0,3207
3649,0,3207

[22:23:17 607]收：3649,0,3207
3649,0,3207

[22:23:17 630]收：3649,0,3207

[22:23:17 665]收：3649,0,3207
3649,0,3207

[22:23:17 687]收：3649,0,3207

[22:23:17 744]收：3649,0,3207
3649,0,3207
3649,0,3207

[22:23:17 802]收：3649,0,3207
3649,0,3207
3649,0,3207

[22:23:17 825]收：3649,0,3207

[22:23:17 884]收：3649,0,3207
3649,0,3207
3649,0,3207

[22:23:17 905]收：3649,0,3207

[22:23:17 963]收：3649,0,3207
3649,0,3207
3649,0,3207

[22:23:18 006]收：3649,0,3207
3648,0,3206

[22:23:18 045]收：3648,0,3206
3648,0,3206

[22:23:18 084]收：3649,0,3207
3649,1,3207

[22:23:18 153]收：3648,0,3206
3648,0,3206
3648,0,3206

[22:23:18 225]收：3648,0,3206
3648,0,3206
3648,0,3206
3648,0,3206

[22:23:18 264]收：3647,-1,3205
3646,-1,3204

[22:23:18 303]收：3644,-1,3202
3641,-1,3200

[22:23:18 343]收：3637,-2,3196
3634,-2,3193

[22:23:18 384]收：3629,-3,3189
3622,-3,3183

[22:23:18 406]收：3615,-3,3177

[22:23:18 444]收：3603,-6,3166
3583,-12,3149

[22:23:18 471]收：3553,-15,3122

[22:23:18 491]收：3529,-13,3101

[22:23:18 522]收：3502,-13,3077
3482,-9,3060

[22:23:18 583]收：3464,-7,3044
3455,-4,3036
3453,0,3034

[22:23:18 624]收：3438,-13,3021
3417,-10,3003

[22:23:18 665]收：3394,-13,2983
3366,-14,2958

[22:23:18 688]收：3339,-14,2934

[22:23:18 723]收：3311,-15,2910
3283,-14,2885

[22:23:18 764]收：3258,-13,2863
3230,-15,2838

[22:23:18 826]收：3200,-15,2812
3172,-14,2787
3145,-14,2764

[22:23:18 846]收：3116,-15,2738

[22:23:18 904]收：3085,-16,2711
3055,-15,2685
3024,-16,2657

[22:23:18 945]收：2990,-17,2627
2954,-18,2596

[22:23:18 966]收：2915,-21,2562

[22:23:19 005]收：2875,-20,2526
2836,-19,2492

[22:23:19 031]收：2799,-19,2460
2763,-18,2428

[22:23:19 104]收：2725,-20,2395
2682,-21,2357
2639,-21,2319

[22:23:19 145]收：2597,-21,2282
2556,-20,2246

[22:23:19 166]收：2516,-20,2211

[22:23:19 244]收：2473,-22,2173
2428,-23,2133
2380,-25,2091
2331,-25,2048

[22:23:19 267]收：2283,-24,2006

[22:23:19 351]收：2237,-23,1966
2187,-26,1922
2132,-28,1873
2077,-28,1825

[22:23:19 382]收：2024,-26,1778
1972,-26,1733

[22:23:19 404]收：1920,-27,1687

[22:23:19 444]收：1865,-29,1639
1806,-30,1587

[22:23:19 484]收：1752,-26,1539
1703,-24,1496

[22:23:19 504]收：1651,-26,1451

[22:23:19 544]收：1594,-29,1400
1537,-28,1350

[22:23:19 603]收：1484,-26,1304
1437,-22,1262
1390,-24,1221

[22:23:19 624]收：1338,-27,1175

[22:23:19 665]收：1280,-29,1125
1228,-26,1079

[22:23:19 722]收：1180,-24,1037
1131,-25,994
1077,-27,946

[22:23:19 745]收：1016,-31,892

[22:23:19 806]收：961,-26,844
912,-24,801
863,-25,758

[22:23:19 844]收：809,-27,711
750,-28,659

[22:23:19 884]收：716,-14,629
694,-11,609

[22:23:19 924]收：679,-6,596
673,-2,591

[22:23:19 985]收：672,0,590
674,1,592
675,1,593

[22:23:20 023]收：675,0,593
676,0,594

[22:23:20 084]收：676,0,594
676,0,594
676,0,594

[22:23:20 107]收：677,1,595

[22:23:20 202]收：677,0,595
677,0,595
677,0,595
677,0,595
677,0,595

[22:23:20 224]收：678,1,595

[22:23:20 284]收：678,0,595
678,0,595
678,0,595

[22:23:20 327]收：679,1,596
679,0,596

[22:23:20 351]收：679,0,596

[22:23:20 383]收：679,0,596
680,1,597

[22:23:20 444]收：679,0,596
679,0,596
679,0,596

[22:23:20 484]收：679,0,596
680,0,597

[22:23:20 507]收：680,0,597

[22:23:20 583]收：680,0,597
680,0,597
680,0,597
680,0,597

[22:23:20 662]收：680,0,597
680,0,597
680,0,597
680,0,597

[22:23:20 706]收：680,0,597
680,0,597

[22:23:20 745]收：681,0,598
681,0,598

[22:23:20 785]收：681,0,598
681,0,598

[22:23:20 844]收：681,0,598
681,0,598
681,0,598

[22:23:20 883]收：681,0,598
681,0,598

[22:23:20 904]收：681,0,598

[22:23:20 926]收：681,0,598

[22:23:20 965]收：681,0,598
681,0,598

[22:23:21 008]收：681,0,598
682,0,599

[22:23:21 084]收：682,0,599
682,0,599
682,0,599
682,0,599

[22:23:21 111]收：682,0,599

[22:23:21 142]收：682,0,599
682,0,599

[22:23:21 185]收：682,0,599
682,0,599

[22:23:21 224]收：682,0,599
683,1,600

[22:23:21 244]收：683,0,600

[22:23:21 283]收：683,0,600
683,0,600

[22:23:21 330]收：683,0,600
683,0,600

[22:23:21 366]收：684,0,601
684,0,601

[22:23:21 445]收：684,0,601
684,0,601
684,0,601
684,0,601

[22:23:21 465]收：684,0,601

[22:23:21 505]收：685,1,602
685,1,602

[22:23:21 565]收：685,0,602
685,0,602
685,0,602

[22:23:21 604]收：685,0,602
685,0,602

[22:23:21 625]收：686,1,602

[22:23:21 646]收：686,0,602

[22:23:21 684]收：686,0,602
686,0,602

[22:23:21 705]收：687,0,603

[22:23:21 747]收：687,0,603
688,1,604

[22:23:21 824]收：688,0,604
688,0,604
689,1,605
689,0,605

[22:23:21 865]收：689,0,605
690,1,606

[22:23:21 885]收：690,0,606

[22:23:21 923]收：690,0,606
690,0,606

[22:23:21 943]收：690,0,606

[22:23:22 002]收：691,0,607
692,1,608
692,0,608

[22:23:22 044]收：693,0,609
694,1,609

[22:23:22 067]收：695,0,610

[22:23:22 123]收：697,1,612
698,1,613
703,4,617

[22:23:22 143]收：715,6,628

[22:23:22 223]收：732,9,643
752,10,660
774,11,680
791,8,695

[22:23:22 263]收：806,6,708
814,4,715

[22:23:22 323]收：819,2,719
832,12,731
850,18,747

[22:23:22 347]收：881,14,774

[22:23:22 390]收：909,15,798
949,23,834

[22:23:22 503]收：1007,29,885
1060,26,931
1111,25,976
1158,23,1017
1198,20,1052
1239,21,1088

[22:23:22 543]收：1284,23,1128
1326,20,1165

[22:23:22 585]收：1368,21,1202
1410,22,1239

[22:23:22 624]收：1453,22,1277
1493,19,1312

[22:23:22 647]收：1533,20,1347

[22:23:22 704]收：1573,20,1382
1614,20,1418
1657,21,1456

[22:23:22 725]收：1698,20,1492

[22:23:22 765]收：1733,17,1523
1767,17,1553

[22:23:22 824]收：1804,19,1585
1841,19,1618
1878,19,1650

[22:23:22 864]收：1915,18,1683
1952,18,1715

[22:23:22 885]收：1990,19,1749

[22:23:22 906]收：2046,18,1798

[22:23:22 944]收：2064,18,1814
2100,18,1845

[22:23:22 984]收：2138,19,1879
2173,17,1909

[22:23:23 045]收：2221,15,1952
2237,16,1966
2269,16,1994

[22:23:23 083]收：2300,16,2021
2332,16,2049

[22:23:23 126]收：2377,14,2089
2393,16,2103

[22:23:23 165]收：2422,15,2128
2452,15,2155

[22:23:23 185]收：2482,15,2181

[22:23:23 225]收：2527,16,2220
2544,17,2235

[22:23:23 245]收：2581,19,2268

[22:23:23 266]收：2617,17,2300

[22:23:23 384]收：2656,20,2334
2712,19,2383
2732,20,2401
2772,20,2436
2815,22,2474
2860,22,2513

[22:23:23 406]收：2907,23,2554

[22:23:23 446]收：2952,23,2594
2999,24,2635

[22:23:23 487]收：3050,26,2680
3099,24,2723

[22:23:23 563]收：3178,28,2793
3210,32,2821
3265,26,2869
3318,26,2916

[22:23:23 583]收：3377,30,2968

[22:23:23 643]收：3434,27,3018
3488,28,3065
3540,26,3111

[22:23:23 663]收：3581,17,3147

[22:23:23 764]收：3600,8,3164
3630,9,3190
3638,8,3197
3645,2,3203
3649,3,3207

[22:23:23 785]收：3655,2,3212

[22:23:23 808]收：3657,0,3214

[22:23:23 885]收：3657,0,3214
3657,0,3214
3657,0,3214
3656,0,3213

[22:23:23 944]收：3656,0,3213
3656,0,3213
3656,0,3213

[22:23:23 984]收：3656,0,3213
3656,0,3213

[22:23:24 064]收：3656,0,3213
3656,0,3213
3655,0,3212
3655,0,3212

[22:23:24 084]收：3654,0,3211

[22:23:24 165]收：3653,0,3210
3653,0,3210
3652,0,3209
3652,0,3209

[22:23:24 263]收：3652,0,3209
3652,0,3209
3652,0,3209
3652,0,3209
3651,0,3208

[22:23:24 284]收：3651,0,3208

[22:23:24 344]收：3651,0,3208
3651,0,3208
3651,0,3208

[22:23:24 403]收：3650,0,3208
3650,0,3208
3650,0,3208

[22:23:24 443]收：3650,0,3208
3650,1,3208

[22:23:24 484]收：3649,0,3207
3649,0,3207

[22:23:24 566]收：3649,0,3207
3649,0,3207
3649,0,3207
3648,-1,3206

[22:23:24 606]收：3648,0,3206
3648,0,3206

[22:23:24 626]收：3648,0,3206

[22:23:24 664]收：3647,0,3205
3647,0,3205

[22:23:24 687]收：3646,-1,3204

[22:23:24 743]收：3646,0,3204
3646,0,3204
3645,-1,3203

[22:23:24 783]收：3645,0,3203
3644,-1,3202

[22:23:24 884]收：3644,0,3202
3643,-1,3201
3643,0,3201
3643,0,3201
3642,0,3200

[22:23:24 965]收：3641,0,3200
3640,-1,3199
3640,0,3199
3639,-1,3198

[22:23:25 044]收：3639,0,3198
3638,-1,3197
3638,0,3197
3637,-1,3196

[22:23:25 083]收：3637,0,3196
3637,0,3196

[22:23:25 104]收：3637,0,3196

[22:23:25 147]收：3636,0,3195
3636,0,3195

[22:23:25 183]收：3636,0,3195
3636,0,3195

[22:23:25 208]收：3636,0,3195

[22:23:25 245]收：3636,0,3195
3636,1,3195

[22:23:25 287]收：3635,0,3194
3635,0,3194

[22:23:25 386]收：3634,0,3193
3634,0,3193
3634,0,3193
3633,-1,3193
3633,0,3193

[22:23:25 411]收：3633,0,3193

[22:23:25 450]收：3632,0,3192
3632,0,3192

[22:23:25 486]收：3631,0,3191
3630,0,3190

[22:23:25 526]收：3629,0,3189
3629,0,3189

[22:23:25 585]收：3628,-1,3188
3628,0,3188
3628,0,3188

[22:23:25 608]收：3627,0,3187

[22:23:25 664]收：3627,0,3187
3627,-1,3187
3628,1,3188

[22:23:25 725]收：3627,0,3187
3627,0,3187
3627,0,3187

[22:23:25 746]收：3627,0,3187

[22:23:25 791]收：3627,0,3187
3627,0,3187

[22:23:25 830]收：3625,-1,3186
3623,-1,3184

[22:23:25 885]收：3622,0,3183
3619,-2,3180
3615,-3,3177

[22:23:25 906]收：3607,-4,3170

[22:23:25 945]收：3598,-5,3162
3581,-9,3147

[22:23:26 012]收：3551,-17,3120
3521,-17,3094
3489,-15,3066

[22:23:26 083]收：3466,-11,3046
3441,-16,3024
3385,-29,2975
3332,-25,2928

[22:23:26 124]收：3275,-29,2878
3226,-23,2835

[22:23:26 186]收：3180,-23,2794
3134,-23,2754
3084,-25,2710

[22:23:26 227]收：3019,-21,2653
2997,-22,2634

[22:23:26 265]收：2957,-20,2598
2915,-22,2562

[22:23:26 303]收：2869,-23,2521
2824,-22,2482

[22:23:26 324]收：2783,-20,2445

[22:23:26 367]收：2744,-19,2411
2698,-23,2371

[22:23:26 404]收：2652,-23,2330
2608,-22,2292

[22:23:26 444]收：2566,-21,2255
2526,-20,2220

[22:23:26 465]收：2486,-20,2184

[22:23:26 486]收：2447,-19,2150

[22:23:26 544]收：2384,-22,2095
2361,-23,2075
2316,-22,2035

[22:23:26 566]收：2275,-20,1999

[22:23:26 606]收：2234,-21,1963
2188,-23,1923

[22:23:26 645]收：2140,-24,1880
2090,-25,1836

[22:23:26 667]收：2044,-23,1796

[22:23:26 688]收：1999,-22,1756

[22:23:26 725]收：1954,-22,1717
1908,-23,1676

[22:23:26 786]收：1860,-25,1634
1809,-25,1589
1761,-24,1547

[22:23:26 825]收：1716,-22,1508
1675,-20,1472

[22:23:26 883]收：1632,-21,1434
1585,-23,1393
1538,-23,1351

[22:23:26 904]收：1494,-21,1313

[22:23:26 945]收：1457,-18,1280
1423,-17,1250

[22:23:26 984]收：1387,-19,1219
1349,-20,1185

[22:23:27 025]收：1290,-19,1133
1272,-18,1117

[22:23:27 046]收：1235,-18,1085

[22:23:27 088]收：1198,-18,1052
1160,-19,1019

[22:23:27 127]收：1114,-24,979
1058,-30,929

[22:23:27 188]收：991,-34,870
925,-33,812
856,-35,752

[22:23:27 208]收：775,-44,681

[22:23:27 242]收：692,-36,608
647,-21,568

[22:23:27 267]收：608,-18,534

[22:23:27 384]收：595,-3,522
609,6,535
615,6,540
623,3,547
628,2,551
633,2,556

[22:23:27 444]收：640,3,562
641,1,563
644,1,566

[22:23:27 524]收：647,1,568
648,0,569
649,0,570
651,1,572

[22:23:27 584]收：653,1,573
656,1,576
659,2,579

[22:23:27 604]收：661,1,580

[22:23:27 625]收：662,0,581

[22:23:27 667]收：663,0,582
664,0,583

[22:23:27 704]收：664,0,583
665,0,584

[22:23:27 764]收：665,0,584
666,0,585
667,1,586

[22:23:27 809]收：667,0,586
668,0,587

[22:23:27 866]收：669,1,587
669,0,587
670,1,588

[22:23:27 906]收：670,0,588
671,1,589

[22:23:27 945]收：672,1,590
673,1,591

[22:23:27 966]收：674,1,592

[22:23:27 990]收：674,0,592

[22:23:28 027]收：675,1,593
674,-1,592

[22:23:28 065]收：675,0,593
675,0,593

[22:23:28 105]收：675,0,593
676,1,594

[22:23:28 165]收：676,0,594
677,1,595
677,0,595

[22:23:28 206]收：678,0,595
679,1,596

[22:23:28 244]收：679,0,596
680,0,597

[22:23:28 266]收：681,0,598

[22:23:28 288]收：682,1,599

[22:23:28 327]收：682,0,599
683,0,600

[22:23:28 349]收：684,1,601

[22:23:28 389]收：684,0,601
685,0,602

[22:23:28 423]收：685,0,602
685,0,602

[22:23:28 466]收：686,0,602
686,0,602

[22:23:28 505]收：687,0,603
687,0,603

[22:23:28 663]收：688,1,604
688,0,604
688,0,604
689,1,605
689,0,605
689,0,605
690,0,606
690,0,606

[22:23:28 688]收：690,0,606

[22:23:28 744]收：690,0,606
690,0,606
691,1,607

[22:23:28 786]收：691,0,607
691,0,607

[22:23:28 825]收：691,0,607
692,0,608

[22:23:28 866]收：692,0,608
692,0,608

[22:23:28 905]收：692,0,608
692,0,608

[22:23:28 926]收：692,0,608

[22:23:28 963]收：692,0,608
693,1,609

[22:23:28 983]收：693,0,609

[22:23:29 023]收：693,0,609
693,0,609

[22:23:29 065]收：693,0,609
693,0,609

[22:23:29 104]收：693,0,609
693,0,609

[22:23:29 144]收：693,0,609
693,0,609

[22:23:29 166]收：693,0,609

[22:23:29 209]收：693,0,609
693,0,609

[22:23:29 249]收：693,0,609
693,0,609

[22:23:29 284]收：693,0,609
693,0,609

[22:23:29 345]收：693,0,609
693,0,609
693,0,609

[22:23:29 386]收：693,0,609
694,1,609

[22:23:29 453]收：693,-1,609
694,0,609
694,0,609

[22:23:29 487]收：694,1,609
694,0,609

[22:23:29 564]收：694,0,609
694,0,609
694,0,609
694,0,609

[22:23:29 624]收：694,0,609
694,0,609
694,0,609

[22:23:29 647]收：694,0,609

[22:23:29 683]收：694,0,609
694,0,609

[22:23:29 706]收：694,0,609

[22:23:29 745]收：694,0,609
694,0,609

[22:23:29 768]收：694,0,609

[22:23:29 826]收：694,0,609
694,0,609
694,0,609

[22:23:29 863]收：694,0,609
694,0,609

[22:23:29 886]收：694,0,609

[22:23:29 966]收：694,0,609
694,0,609
694,0,609
694,0,609

[22:23:30 071]收：694,0,609
694,0,609
694,0,609
694,0,609
694,0,609

[22:23:30 105]收：694,0,609
695,0,610

[22:23:30 184]收：696,1,611
698,1,613
703,3,617
708,2,622

[22:23:30 246]收：726,10,638
738,12,648
771,18,677

[22:23:30 284]收：810,19,711
837,11,735

[22:23:30 324]收：855,9,751
898,25,789

[22:23:30 367]收：939,20,825
988,25,868

[22:23:30 424]收：1041,26,914
1095,28,962
1146,25,1007

[22:23:30 524]收：1192,22,1047
1237,22,1087
1285,24,1129
1333,24,1171
1383,25,1215

[22:23:30 545]收：1433,25,1259

[22:23:30 587]收：1481,23,1301
1529,24,1343

[22:23:30 626]收：1580,26,1388
1632,26,1434

[22:23:30 663]收：1685,27,1480
1733,23,1523

[22:23:30 694]收：1777,22,1561

[22:23:30 730]收：1838,19,1615
1858,20,1633

[22:23:30 765]收：1893,17,1663
1924,15,1691

[22:23:30 786]收：1951,13,1714

[22:23:30 845]收：1985,10,1744
1995,10,1753
2012,8,1768

[22:23:30 887]收：2029,8,1783
2043,7,1795

[22:23:30 907]收：2061,6,1811

[22:23:30 946]收：2067,6,1816
2079,6,1827

[22:23:30 984]收：2088,4,1835
2092,1,1838

[22:23:31 005]收：2089,-2,1836

[22:23:31 026]收：2080,-5,1828

[22:23:31 052]收：2044,-21,1796

[22:23:31 086]收：2025,-7,1779
2018,-3,1773

[22:23:31 124]收：1934,-29,1699
1908,-26,1676

[22:23:31 244]收：1843,-36,1619
1761,-41,1547
1686,-36,1481
1606,-42,1411
1508,-50,1325
1413,-46,1241

[22:23:31 327]收：1315,-51,1155
1213,-50,1066
1079,-44,948
1030,-49,905

[22:23:31 347]收：939,-42,825

[22:23:31 385]收：867,-34,762
812,-26,713

[22:23:31 408]收：748,-35,657

[22:23:31 443]收：696,-21,611
690,2,606

[22:23:31 469]收：712,13,625

[22:23:31 584]收：738,13,648
768,16,675
801,17,704
831,14,730
849,7,746
878,24,771

[22:23:31 648]收：935,27,821
999,36,878
1089,48,957
1189,49,1045

[22:23:31 688]收：1283,47,1127

[22:23:31 745]收：1382,52,1214
1492,55,1311
1605,58,1410

[22:23:31 767]收：1721,57,1512
1828,54,1606

[22:23:31 804]收：1939,56,1704

[22:23:31 830]收：2052,57,1803

[22:23:31 886]收：2167,57,1904
2279,56,2003
2391,56,2101

[22:23:31 924]收：2502,53,2199
2606,52,2290

[22:23:31 945]收：2707,50,2379

[22:23:31 965]收：2807,50,2467

[22:23:32 044]收：2905,49,2553
3001,48,2637
3096,48,2721
3192,48,2805

[22:23:32 067]收：3284,46,2886
3382,50,2972

[22:23:32 144]收：3514,41,3088
3548,34,3118
3597,23,3161

[22:23:32 183]收：3637,20,3196
3664,9,3220

[22:23:32 205]收：3663,-3,3219

[22:23:32 266]收：3651,-7,3208
3630,-11,3190
3603,-15,3166

[22:23:32 286]收：3572,-16,3139

[22:23:32 346]收：3525,-14,3098
3509,-16,3084
3482,-12,3060

[22:23:32 385]收：3459,-9,3040
3430,-21,3014

[22:23:32 504]收：3338,-30,2933
3307,-31,2906
3228,-42,2837
3142,-42,2761
3062,-40,2691
2978,-44,2617

[22:23:32 524]收：2875,-55,2526

[22:23:32 548]收：2766,-54,2431

[22:23:32 646]收：2662,-53,2339
2553,-53,2243
2396,-55,2105
2339,-57,2055
2223,-57,1953

[22:23:32 704]收：2112,-55,1856
2003,-53,1760
1902,-51,1671

[22:23:32 783]收：1793,-56,1575
1687,-51,1482
1580,-56,1388
1467,-55,1289

[22:23:32 864]收：1366,-51,1200
1255,-57,1103
1151,-50,1011
1055,-48,927

[22:23:32 888]收：955,-49,839

[22:23:32 964]收：870,-42,764
798,-34,701
728,-35,639
669,-26,587

[22:23:32 985]收：652,-3,573

[22:23:33 025]收：672,9,590
680,8,597

[22:23:33 065]收：686,2,602
689,2,605

[22:23:33 126]收：692,2,608
700,3,615
703,3,617

[22:23:33 186]收：713,5,626
727,8,638
749,12,658

[22:23:33 244]收：777,6,682
780,3,685
782,0,687

[22:23:33 325]收：821,31,721
886,30,778
947,35,832
1048,54,921
1163,57,1022

[22:23:33 363]收：1265,49,1111

[22:23:33 403]收：1368,53,1202
1486,60,1306

[22:23:33 424]收：1612,64,1416

[22:23:33 487]收：1737,62,1526
1849,55,1625
1960,55,1722

[22:23:33 509]收：2126,56,1868

[22:23:33 531]收：2181,55,1916

[22:23:33 570]收：2288,53,2010
2395,55,2104

[22:23:33 611]收：2497,49,2194
2587,45,2273

[22:23:33 645]收：2670,41,2346
2750,40,2416

[22:23:33 687]收：2830,40,2487
2910,40,2557

[22:23:33 744]收：3035,41,2667
3076,41,2703
3151,36,2769

[22:23:33 764]收：3231,41,2839

[22:23:33 825]收：3317,43,2915
3421,52,3006
3520,48,3093

[22:23:33 863]收：3606,41,3169
3665,26,3221

[22:23:33 885]收：3694,11,3246

[22:23:33 944]收：3694,-2,3246
3690,-4,3243
3672,-10,3227

[22:23:34 023]收：3644,-15,3202
3608,-19,3171
3570,-19,3137
3530,-19,3102

[22:23:34 046]收：3500,-12,3076

[22:23:34 104]收：3475,-12,3054
3447,-18,3029
3387,-31,2976

[22:23:34 143]收：3330,-29,2926
3261,-37,2866

[22:23:34 163]收：3185,-38,2799

[22:23:34 186]收：3109,-37,2732

[22:23:34 226]收：3032,-38,2664
2944,-46,2587

[22:23:34 249]收：2838,-54,2494

[22:23:34 304]收：2736,-49,2404
2630,-54,2311
2521,-53,2215

[22:23:34 326]收：2409,-58,2117

[22:23:34 384]收：2289,-60,2011
2173,-58,1909
2052,-62,1803

[22:23:34 463]收：1933,-58,1698
1808,-64,1589
1685,-59,1480
1563,-64,1373

[22:23:34 504]收：1434,-63,1260
1312,-62,1153

[22:23:34 544]收：1191,-58,1046
1083,-53,951

[22:23:34 583]收：974,-54,856
883,-43,776

[22:23:34 643]收：803,-39,705
712,-47,625
656,-20,576

[22:23:34 683]收：654,4,574
676,12,594

[22:23:34 723]收：695,8,610
705,4,619

[22:23:34 765]收：713,4,626
721,5,633

[22:23:34 803]收：734,7,645
754,11,662

[22:23:34 845]收：779,13,684
791,5,695

[22:23:34 865]收：795,1,698

[22:23:34 923]收：797,1,700
847,33,744
900,24,791

[22:23:34 965]收：960,36,843
1054,49,926

[22:23:35 025]收：1159,52,1018
1296,45,1139
1345,49,1182

[22:23:35 063]收：1457,58,1280
1573,59,1382

[22:23:35 084]收：1689,58,1484

[22:23:35 105]收：1796,53,1578

[22:23:35 144]收：1907,56,1676
2020,57,1775

[22:23:35 203]收：2131,55,1872
2240,54,1968
2347,53,2062

[22:23:35 244]收：2459,56,2161
2564,52,2253

[22:23:35 323]收：2667,51,2344
2765,48,2430
2858,45,2511
2947,44,2590

[22:23:35 344]收：3037,45,2669

[22:23:35 384]收：3132,47,2752
3226,46,2835

[22:23:35 407]收：3311,41,2910

[22:23:35 444]收：3395,41,2983
3472,37,3051

[22:23:35 485]收：3538,32,3109
3589,24,3154

[22:23:35 524]收：3652,18,3209
3663,11,3219

[22:23:35 583]收：3664,-2,3220
3651,-7,3208
3634,-9,3193

[22:23:35 644]收：3598,-15,3162
3580,-18,3146
3533,-25,3105

[22:23:35 685]收：3500,-14,3076
3472,-14,3051

[22:23:35 707]收：3426,-34,3011

[22:23:35 744]收：3347,-39,2941
3272,-40,2875

[22:23:35 784]收：3178,-49,2793
3084,-46,2710

[22:23:35 805]收：2985,-51,2623

[22:23:35 863]收：2868,-62,2520
2739,-63,2407
2607,-67,2291

[22:23:35 904]收：2479,-63,2178
2350,-65,2065

[22:23:35 944]收：2221,-64,1952
2088,-68,1835

[22:23:35 964]收：1952,-67,1715

[22:23:35 988]收：1821,-67,1600

[22:23:36 044]收：1693,-61,1487
1566,-66,1376
1432,-66,1258

[22:23:36 069]收：1305,-65,1146

[22:23:36 105]收：1182,-59,1038
1077,-52,946

[22:23:36 143]收：970,-54,852
876,-46,769

[22:23:36 165]收：787,-45,691

[22:23:36 204]收：696,-43,611
647,-17,568

[22:23:36 224]收：644,2,566

[22:23:36 263]收：657,7,577
670,6,588

[22:23:36 284]收：679,4,596

[22:23:36 307]收：694,6,609

[22:23:36 343]收：700,6,615
713,7,626

[22:23:36 444]收：726,7,638
738,6,648
745,3,654
747,1,656
757,7,665

[22:23:36 465]收：818,39,718

[22:23:36 488]收：885,29,777

[22:23:36 543]收：943,33,828
1029,45,904
1115,43,979

[22:23:36 605]收：1196,39,1051
1274,40,1119
1372,53,1205

[22:23:36 643]收：1485,56,1305
1593,54,1400

[22:23:36 667]收：1703,55,1496

[22:23:36 706]收：1807,52,1588
1916,55,1683

[22:23:36 745]收：2025,54,1779
2132,53,1873

[22:23:36 766]收：2236,52,1965
2335,49,2052

[22:23:36 823]收：2434,49,2139
2528,46,2221

[22:23:36 844]收：2620,45,2302

[22:23:36 884]收：2707,42,2379
2791,42,2453

[22:23:36 927]收：2878,44,2529
2970,47,2610

[22:23:36 963]收：3066,48,2694
3161,47,2778

[22:23:36 984]收：3253,43,2859

[22:23:37 043]收：3344,45,2939
3435,43,3019
3518,40,3091

[22:23:37 063]收：3577,26,3143

[22:23:37 105]收：3620,21,3181
3660,19,3216

[22:23:37 143]收：3668,0,3223
3660,-4,3216

[22:23:37 164]收：3650,-6,3208

[22:23:37 204]收：3632,-10,3192
3607,-13,3170

[22:23:37 242]收：3578,-15,3144
3543,-19,3113

[22:23:37 306]收：3513,-12,3087
3496,-10,3072
3472,-15,3051

[22:23:37 344]收：3407,-32,2994
3346,-30,2940

[22:23:37 384]收：3274,-37,2877
3187,-45,2801

[22:23:37 426]收：3104,-41,2728
3022,-42,2656

[22:23:37 526]收：2931,-47,2576
2824,-54,2482
2723,-50,2393
2616,-55,2299
2511,-51,2206

[22:23:37 585]收：2403,-56,2112
2285,-60,2008
2167,-60,1904

[22:23:37 607]收：2046,-61,1798

[22:23:37 686]收：1934,-55,1699
1818,-61,1597
1697,-59,1491
1577,-63,1386

[22:23:37 707]收：1450,-62,1274

[22:23:37 784]收：1331,-60,1169
1205,-62,1059
1092,-56,959
976,-59,857

[22:23:37 812]收：871,-51,765

[22:23:37 847]收：782,-42,687
696,-43,611

[22:23:37 905]收：633,-26,556
621,0,545
644,14,566

[22:23:37 925]收：673,13,591

[22:23:37 965]收：690,8,606
701,5,616

[22:23:38 008]收：715,7,628
728,7,639

[22:23:38 044]收：746,10,655
774,16,680

[22:23:38 105]收：808,17,710
828,8,727
832,0,731

[22:23:38 144]收：830,-1,729
858,25,754

[22:23:38 185]收：904,21,794
948,25,833

[22:23:38 225]收：1027,43,902
1119,47,983

[22:23:38 246]收：1211,45,1064

[22:23:38 286]收：1304,47,1146
1419,60,1247

[22:23:38 325]收：1547,64,1359
1683,69,1479

[22:23:38 350]收：1812,64,1592

[22:23:38 391]收：1943,66,1707
2077,67,1825

[22:23:38 425]收：2277,65,2001
2340,63,2056

[22:23:38 463]收：2466,62,2167
2584,58,2271

[22:23:38 506]收：2705,61,2377
2886,61,2536

[22:23:38 564]收：2946,60,2589
3056,53,2685
3169,56,2785

[22:23:38 587]收：3280,54,2882

[22:23:38 625]收：3383,50,2973
3473,43,3052

[22:23:38 687]收：3557,42,3126
3639,41,3198
3696,22,3248

[22:23:38 766]收：3698,-2,3250
3686,-7,3239
3670,-8,3225
3654,-8,3211

[22:23:38 807]收：3635,-11,3194
3609,-13,3171

[22:23:38 845]收：3575,-18,3142
3532,-19,3104

[22:23:38 904]收：3516,-8,3090
3497,-10,3073
3451,-33,3033

[22:23:38 924]收：3387,-30,2976

[22:23:38 946]收：3323,-33,2920

[22:23:38 985]收：3245,-41,2852
3163,-40,2779

[22:23:39 007]收：3085,-40,2711

[22:23:39 045]收：3005,-41,2641
2909,-50,2556

[22:23:39 125]收：2805,-51,2465
2708,-48,2380
2604,-53,2288
2503,-49,2199

[22:23:39 166]收：2398,-54,2107
2286,-55,2009

[22:23:39 204]收：2181,-52,1916
2075,-53,1823

[22:23:39 226]收：1972,-50,1733

[22:23:39 265]收：1867,-54,1640
1752,-57,1539

[22:23:39 287]收：1647,-52,1447

[22:23:39 344]收：1533,-59,1347
1424,-52,1251
1319,-54,1159

[22:23:39 366]收：1209,-54,1062

[22:23:39 405]收：1108,-50,973
1004,-53,882

[22:23:39 445]收：911,-44,800
830,-39,729

[22:23:39 503]收：747,-43,656
672,-34,590
635,-12,558

[22:23:39 546]收：635,4,558
656,11,576

[22:23:39 592]收：681,13,598
710,15,624

[22:23:39 685]收：741,16,651
773,15,679
804,15,706
828,11,727
844,8,741

[22:23:39 724]收：889,27,781
936,22,822

[22:23:39 745]收：998,34,877

[22:23:39 767]收：1075,39,944

[22:23:39 806]收：1155,40,1015
1233,39,1083

[22:23:39 848]收：1318,45,1158
1425,56,1252

[22:23:39 925]收：1535,54,1349
1647,56,1447
1811,53,1591
1867,56,1640

[22:23:39 948]收：1981,57,1741

[22:23:40 064]收：2091,54,1837
2200,54,1933
2304,52,2025
2410,54,2118
2514,51,2209
2617,51,2300

[22:23:40 104]收：2717,49,2387
2811,47,2470

[22:23:40 126]收：2905,47,2553

[22:23:40 165]收：2999,47,2635
3093,48,2718

[22:23:40 192]收：3186,47,2800

[22:23:40 245]收：3277,44,2880
3365,46,2957
3455,45,3036

[22:23:40 266]收：3532,37,3104

[22:23:40 304]收：3593,28,3157
3634,19,3193

[22:23:40 324]收：3669,16,3224

[22:23:40 365]收：3680,1,3234
3669,-7,3224

[22:23:40 405]收：3651,-9,3208
3629,-11,3189

[22:23:40 444]收：3604,-13,3167
3571,-17,3138

[22:23:40 465]收：3532,-19,3104

[22:23:40 485]收：3512,-7,3086

[22:23:40 544]收：3488,-8,3065
3470,-18,3049
3405,-31,2992

[22:23:40 566]收：3347,-29,2941

[22:23:40 664]收：3274,-40,2877
3143,-43,2762
3102,-41,2726
3015,-44,2649
2915,-53,2562

[22:23:40 685]收：2799,-58,2460

[22:23:40 705]收：2689,-56,2363

[22:23:40 765]收：2570,-59,2258
2456,-58,2158
2334,-63,2051

[22:23:40 804]收：2212,-60,1944
2089,-62,1836

[22:23:40 844]收：1969,-58,1730
1856,-57,1631

[22:23:40 885]收：1736,-59,1525
1621,-58,1424

[22:23:40 909]收：1435,-59,1261

[22:23:40 964]收：1380,-55,1212
1267,-57,1113
1166,-49,1024

[22:23:40 986]收：1074,-46,943

[22:23:41 024]收：939,-40,825
902,-37,792

[22:23:41 044]收：838,-31,736

[22:23:41 086]收：779,-30,684
729,-22,640

[22:23:41 145]收：714,2,627
717,3,630
725,4,637

[22:23:41 187]收：731,3,642
734,2,645

[22:23:41 245]收：737,2,647
742,3,652
750,4,659

[22:23:41 285]收：758,4,666
763,2,670

[22:23:41 325]收：768,2,675
785,10,689
809,13,711

[22:23:41 365]收：854,31,750

[22:23:41 425]收：914,28,803
976,35,857
1062,45,933

[22:23:41 464]收：1156,47,1016
1245,44,1094

[22:23:41 488]收：1338,49,1175

[22:23:41 544]收：1450,58,1274
1564,58,1374
1682,59,1478

[22:23:41 565]收：1795,56,1577

[22:23:41 607]收：1910,58,1678
2023,56,1778

[22:23:41 631]收：2131,53,1872

[22:23:41 684]收：2230,48,1959
2322,45,2040
2414,47,2121

[22:23:41 707]收：2499,41,2196
2576,38,2264

[22:23:41 785]收：2643,32,2322
2703,29,2375
2761,28,2426

[22:23:41 825]收：2820,30,2478
2879,29,2530

[22:23:41 885]收：2938,30,2582
3005,35,2641
3069,30,2697

[22:23:41 925]收：3121,26,2743
3186,37,2800

[22:23:41 965]收：3269,41,2873
3348,40,2942

[22:23:42 005]收：3424,39,3009
3492,33,3069

[22:23:42 044]收：3541,22,3112
3570,13,3137

[22:23:42 065]收：3594,11,3158

[22:23:42 105]收：3600,0,3164
3591,-6,3156

[22:23:42 184]收：3572,-10,3139
3545,-15,3115
3517,-14,3091
3482,-16,3060

[22:23:42 284]收：3458,-12,3039
3437,-8,3020
3405,-25,2992
3346,-28,2940
3286,-33,2888

[22:23:42 326]收：3172,-40,2787
3134,-38,2754

[22:23:42 354]收：3059,-39,2688

[22:23:42 444]收：2976,-43,2615
2879,-50,2530
2785,-46,2447
2697,-44,2370
2604,-46,2288

[22:23:42 465]收：2517,-42,2212

[22:23:42 486]收：2431,-43,2136

[22:23:42 545]收：2349,-40,2064
2281,-32,2004
2232,-23,1961

[22:23:42 604]收：2193,-20,1927
2148,-23,1887
2108,-18,1852

[22:23:42 625]收：2090,-6,1836

[22:23:42 646]收：2093,3,1839

[22:23:42 686]收：2100,3,1845
2102,1,1847

[22:23:42 724]收：2104,0,1849
2104,0,1849

[22:23:42 745]收：2105,1,1850

[22:23:42 786]收：2105,1,1850
2104,-1,1849

[22:23:42 845]收：2104,0,1849
2102,-1,1847
2102,0,1847

[22:23:42 885]收：2101,0,1846
2101,-1,1846

[22:23:42 905]收：2100,0,1845

[22:23:42 965]收：2101,0,1846
2100,0,1845
2101,0,1846

[22:23:43 025]收：2101,0,1846
2101,0,1846
2101,0,1846

[22:23:43 045]收：2101,0,1846

[22:23:43 085]收：2101,0,1846
2101,0,1846

[22:23:43 125]收：2101,0,1846
2101,0,1846

[22:23:43 225]收：2101,0,1846
2101,0,1846
2101,0,1846
2101,0,1846
2101,0,1846

[22:23:43 264]收：2101,0,1846
2101,0,1846

[22:23:43 325]收：2101,0,1846
2101,0,1846
2101,0,1846

[22:23:43 364]收：2101,-1,1846
2101,0,1846

[22:23:43 424]收：2101,0,1846
2101,0,1846
2101,0,1846

[22:23:43 447]收：2101,0,1846

[22:23:43 471]收：2101,0,1846

[22:23:43 524]收：2101,0,1846
2101,0,1846
2101,0,1846

[22:23:43 604]收：2102,0,1847
2102,0,1847
2102,0,1847
2101,-1,1846

[22:23:43 644]收：2101,0,1846
2102,0,1847

[22:23:43 684]收：2102,0,1847
2102,0,1847

[22:23:43 705]收：2101,-1,1846

[22:23:43 784]收：2101,-1,1846
2101,-1,1846
2102,1,1847
2101,-1,1846

[22:23:43 805]收：2101,0,1846

[22:23:43 845]收：2102,0,1847
2102,0,1847

